1 0 3
2 1 2
3 2 9
4 3 1
5 4 3
6 5 1
7 6 6
8 7 6
9 8 2
10 9 1
11 10 3
12 11 1
13 12 9
14 13 2
15 14 9
16 15 3
17 16 9
18 17 3
19 18 2
20 19 1
21 20 3
22 21 6
23 22 3
24 23 3
25 24 9
26 25 2
27 26 1
28 27 9
29 28 9
30 29 2
31 30 9
32 31 3
33 32 6
34 33 1
35 34 6
36 35 6
37 36 1
38 37 9
39 38 9
40 39 2
41 40 2
42 41 6
43 42 3
44 43 2
45 44 3
46 45 1
47 46 3
48 47 9
49 48 3
50 49 2
51 50 1
52 51 2
53 52 3
54 53 3
55 54 3
56 55 3
57 56 1
58 57 3
59 58 2
60 59 9
61 60 1
62 61 1
63 62 9
64 63 9
65 64 6
66 65 1
67 66 9
68 67 9
69 68 1
70 69 3
71 70 3
72 71 3
73 72 9
74 73 9
75 74 3
76 75 2
77 76 2
78 77 3
79 78 9
80 79 3
81 80 9
82 81 3
83 82 6
84 83 2
85 84 3
86 85 2
87 86 3
88 87 1
89 88 1
90 89 2
91 90 3
92 91 9
93 92 9
94 93 2
95 94 6
96 95 6
97 96 6
98 97 6
99 98 2
100 99 1
